0000001223 153 8.5 "Casablanca" 1942
0000122110 369 7.9 "Thor_Ragnarok" 2017
0011220001 60 6.0 "ET" 1982
0000221110 400 7.5 "Beauty_and_the_Beast" 2016
0011001111 250 8.1 "Chicago" 2015
1000111111 1589 6.2 “Downsizing” 2017
0000001124 627 8.8 “Inception” 2010
0000011123 49 8.7 “Goodfellas” 1990
1000112111 416 6.8 “Ferdinand” 2017
0000011121 233 8.7 "The_Matrix" 1999
0011011111 286 6.7 "Resident_Evil" 2002
0011121111 353 6.8 "The_Fate_of_the_Furious" 2017
0000011211 388 7.9 "The_Bourne_Identity" 2002
0000021221 211 7.8 "Avatar" 2009
0001110121 350 7.2 "Hostiles" 2013
0000101112 610 8.7 "Inception" 2010
0001011021 420 8.6 "Se7en" 1995
0000111211 330 8.5 "Interstellar" 2014
0010110211 550 8.4 "WALL-E" 2008
0000012211 180 8.2 "Chinatown" 1974